0.0885236842105263
0.0873263157894737
0.0861289473684211
0.0849315789473684
0.0837342105263158
0.0825368421052632
0.0813394736842105
0.0802797468354430
0.0792544303797468
0.0782291139240506
0.0772037974683544
0.0761784810126582
0.0751531645569620
0.0741278481012658
0.0731025316455696
0.0722237500000000
0.0713612500000000
0.0704987500000000
0.0696362500000000
0.0687737500000000
0.0679112500000000
0.0670487500000000
0.0661862500000000
0.0655000000000000
0.0648333333333334
0.0641666666666667
0.0635000000000000
0.0628333333333333
0.0621666666666667
0.0615000000000000
0.0608333333333333
0.0601891566265060
0.0595506024096385
0.0589120481927711
0.0582734939759036
0.0576349397590361
0.0569963855421687
0.0563578313253012
0.0557192771084337
0.0548588235294118
0.0537764705882353
0.0526941176470588
0.0516117647058824
0.0505294117647059
0.0494470588235294
0.0483647058823529
0.0472823529411765
0.0462000000000000
0.0457465116279070
0.0452930232558140
0.0448395348837209
0.0443860465116279
0.0439325581395349
0.0434790697674419
0.0430255813953488
0.0425720930232558
0.0422681818181818
0.0421886363636364
0.0421090909090909
0.0420295454545455
0.0419500000000000
0.0418704545454545
0.0417909090909091
0.0417113636363636
0.0416318181818182
0.0416202247191011
0.0416539325842697
0.0416876404494382
0.0417213483146067
0.0417550561797753
0.0417887640449438
0.0418224719101124
0.0418561797752809
0.0418898876404494
0.0420307692307692
0.0422175824175824
0.0424043956043956
0.0425912087912088
0.0427780219780220
0.0429648351648352
0.0431516483516484
0.0433384615384615
0.0435252747252747
0.0437595744680851
0.0440255319148936
0.0442914893617021
0.0445574468085106
0.0448234042553192
0.0450893617021277
0.0453553191489362
0.0456212765957447
0.0458872340425532
0.0461531914893617
0.0464191489361702
0.0466851063829787
0.0469510638297872
0.0472170212765957
0.0474829787234043
0.0477489361702128
0.0480148936170213
0.0482808510638298
0.0485468085106383
0.0489546391752577
0.0493979381443299
0.0498412371134021
0.0502845360824742
0.0507278350515464
0.0511711340206186
0.0516144329896907
0.0520577319587629
0.0525010309278351
0.0529212121212121
0.0531333333333333
0.0533454545454546
0.0535575757575758
0.0537696969696970
0.0539818181818182
0.0541939393939394
0.0544060606060606
0.0546181818181818
0.0548303030303030
0.0551160000000000
0.0556960000000000
0.0562760000000000
0.0568560000000000
0.0574360000000000
0.0580160000000000
0.0585960000000000
0.0591760000000000
0.0597560000000000
0.0603360000000000
0.0609509803921569
0.0617058823529412
0.0624607843137255
0.0632156862745098
0.0639705882352941
0.0647254901960785
0.0654803921568628
0.0662352941176471
0.0669901960784314
0.0677450980392157
0.0685000000000000
0.0687857142857143
0.0690714285714286
0.0693571428571429
0.0696428571428572
0.0699285714285714
0.0702142857142857
0.0705000000000000
0.0707857142857143
0.0710714285714286
0.0713571428571429
0.0716462264150943
0.0719386792452830
0.0722311320754717
0.0725235849056604
0.0728160377358491
0.0731084905660377
0.0734009433962264
0.0736933962264151
0.0739858490566038
0.0742783018867925
0.0745707547169811
0.0750788990825688
0.0756110091743119
0.0761431192660550
0.0766752293577982
0.0772073394495413
0.0777394495412844
0.0782715596330275
0.0788036697247706
0.0793357798165138
0.0798678899082569
0.0804000000000000
0.0816181818181818
0.0828363636363636
0.0840545454545455
0.0852727272727273
0.0864909090909091
0.0877090909090909
0.0889272727272727
0.0901454545454545
0.0913636363636364
0.0925818181818182
0.0938000000000000
0.0954106194690266
0.0970212389380531
0.0986318584070797
0.100242477876106
0.101853097345133
0.103463716814159
0.105074336283186
0.106684955752212
0.108295575221239
0.109906194690266
0.111516814159292
0.113350877192983
0.115280701754386
0.117210526315790
0.119140350877193
0.121070175438597
0.123000000000000
0.124929824561404
0.126859649122807
0.128789473684210
0.130719298245614
0.132649122807017
0.134897435897436
0.137888888888889
0.140880341880342
0.143871794871795
0.146863247863248
0.149854700854701
0.152846153846154
0.155837606837607
0.158829059829060
0.161820512820513
0.164811965811966
0.167803418803419
0.171000000000000
0.174333333333333
0.177666666666667
0.181000000000000
0.184333333333333
0.187666666666667
0.191000000000000
0.194333333333333
0.197666666666667
0.201000000000000
0.204333333333333
0.207666666666667
0.210983471074380
0.214289256198347
0.217595041322314
0.220900826446281
0.224206611570248
0.227512396694215
0.230818181818182
0.234123966942149
0.237429752066116
0.240735537190083
0.244041322314050
0.247347107438017
0.250854838709677
0.254564516129032
0.258274193548387
0.261983870967742
0.265693548387097
0.269403225806452
0.273112903225807
0.276822580645161
0.280532258064516
0.284241935483871
0.287951612903226
0.291661290322581
0.295393700787402
0.299330708661417
0.303267716535433
0.307204724409449
0.311141732283465
0.315078740157480
0.319015748031496
0.322952755905512
0.326889763779528
0.330826771653543
0.334763779527559
0.338700787401575
0.342637795275590
0.346343750000000
0.349703125000000
0.353062500000000
0.356421875000000
0.359781250000000
0.363140625000000
0.366500000000000
0.369859375000000
0.373218750000000
0.376578125000000
0.379937500000000
0.383296875000000
0.386656250000000
0.391500000000000
0.397333333333333
0.403166666666667
0.409000000000000
0.414833333333333
0.420666666666667
0.426500000000000
0.432333333333333
0.438166666666667
0.444000000000000
0.449833333333333
0.455666666666667
0.461500000000000
0.468458646616541
0.477105263157895
0.485751879699248
0.494398496240601
0.503045112781955
0.511691729323308
0.520338345864662
