0.
0.
0.
0.
0.
0.
0.
0.
0.
0.
0.
0.
0.
0.
0.
0.
0.
0.
0.
0.
0.
0.
0.
0.
0.0001
0.0002
0.0003
0.0004
0.0006
0.0008
0.0010
0.0011
0.0013
0.0015
0.0017
0.0019
0.0020
0.0022
0.0024
0.0026
0.0027
0.0028
0.0029
0.0030
0.0030
0.0029
0.0029
0.0028
0.0028
0.0028
0.0030
0.0033
0.0038
0.0043
0.0049
0.0054
0.0060
0.0066
0.0072
0.0077
0.0082
0.0086
0.0087
0.0087
0.0085
0.0082
0.0078
0.0075
0.0073
0.0072
0.0074
0.0079
0.0087
0.0097
0.0108
0.0119
0.0131
0.0143
0.0154
0.0166
0.0177
0.0187
0.0196
0.0202
0.0205
0.0203
0.0197
0.0191
0.0185
0.0182
0.0183
0.0187
0.0193
0.0201
0.0209
0.0218
0.0228
0.0239
0.0250
0.0263
0.0279
0.0297
0.0317
0.0337
0.0358
0.0377
0.0394
0.0406
0.0412
0.0409
0.0399
0.0387
0.0377
0.0371
0.0373
0.0380
0.0392
0.0405
0.0421
0.0437
0.0454
0.0471
0.0488
0.0506
0.0523
0.0541
0.0559
0.0576
0.0594
0.0611
0.0628
0.0645
0.0662
0.0677
0.0691
0.0703
0.0711
0.0715
0.0717
0.0718
0.0721
0.0727
0.0737
0.0748
0.0761
0.0774
0.0787
0.0801
0.0814
0.0826
0.0838
0.0848
0.0858
0.0867
0.0876
0.0885
0.0895
0.0907
0.0921
0.0939
0.0959
0.0980
0.1003
0.1026
0.1049
0.1072
0.1094
0.1115
0.1135
0.1151
0.1164
0.1173
0.1181
0.1186
0.1191
0.1194
0.1195
0.1193
0.1187
0.1179
0.1169
0.1159
0.1147
0.1136
0.1124
0.1113
0.1103
0.1093
0.1086
0.1082
0.1082
0.1089
0.1102
0.1117
0.1134
0.1152
0.1170
0.1188
0.1206
0.1222
0.1236
0.1247
0.1253
0.1252
0.1246
0.1238
0.1227
0.1215
0.1203
0.1190
0.1177
0.1164
0.1150
0.1136
0.1123
0.1109
0.1096
0.1082
0.1068
0.1054
0.1041
0.1027
0.1013
0.1000
0.0986
0.0972
0.0959
0.0945
0.0931
0.0917
0.0904
0.0890
0.0876
0.0863
0.0849
0.0835
0.0822
0.0808
0.0794
0.0780
0.0767
0.0753
0.0739
0.0726
0.0712
0.0699
0.0685
0.0672
0.0659
0.0647
0.0636
0.0625
0.0615
0.0606
0.0597
0.0589
0.0580
0.0572
0.0563
0.0555
0.0547
0.0538
0.0530
0.0521
0.0513
0.0505
0.0496
0.0488
0.0479
0.0471
0.0463
0.0454
0.0446
0.0437
0.0429
0.0421
0.0412
0.0404
0.0396
0.0387
0.0379
0.0370
0.0362
0.0354
0.0345
0.0337
0.0328
0.0320
0.0312
0.0303
0.0295
0.0287
0.0278
0.0270
0.0262
0.0254
0.0245
0.0238
0.0230
0.0223
0.0216
