0.00010
0.00010
0.00010
0.00010
0.00010
0.00010
0.00010
0.00005
0.00000
0.00000
0.00000
0.00000
0.00000
0.00005
0.00010
0.00010
0.00010
0.00005
0.00000
0.00000
0.00000
0.00000
0.00000
0.00000
0.00000
0.00000
0.00000
0.00000
0.00000
0.00000
0.00000
0.00000
0.00000
0.00000
0.00000
0.00000
0.00000
0.00000
0.00000
0.00000
0.00000
0.00000
0.00000
0.00000
0.00000
0.00000
0.00000
0.00000
0.00000
0.00000
0.00000
0.00000
0.00000
0.00000
0.00000
0.00000
0.00000
0.00000
0.00000
0.00000
0.00000
0.00000
0.00000
0.00000
0.00000
0.00000
0.00000
0.00000
0.00000
0.00000
0.00000
0.00000
0.00000
0.00000
0.00000
0.00000
0.00000
0.00000
0.00000
0.00000
0.00000
0.00000
0.00000
0.00000
0.00000
0.00000
0.00000
0.00000
0.00000
0.00000
0.00000
0.00000
0.00000
0.00000
0.00000
0.00000
0.00000
0.00000
0.00000
0.00000
0.00000
0.00000
0.00000
0.00000
0.00000
0.00000
0.00000
0.00005
0.00010
0.00010
0.00010
0.00010
0.00010
0.00010
0.00010
0.00010
0.00010
0.00010
0.00010
0.00010
0.00010
0.00010
0.00010
0.00010
0.00010
0.00010
0.00010
0.00005
0.00000
0.00000
0.00000
0.00000
0.00000
0.00000
0.00000
0.00000
0.00000
0.00000
0.00000
0.00000
0.00000
0.00000
0.00000
0.00000
0.00000
0.00000
0.00000
0.00000
0.00000
0.00000
0.00000
0.00000
0.00000
0.00000
0.00000
0.00000
0.00000
0.00000
0.00000
0.00000
0.00000
0.00000
0.00000
0.00000
0.00000
0.00000
0.00000
0.00000
0.00000
0.00000
0.00000
0.00000
0.00000
0.00000
0.00000
0.00005
0.00010
0.00010
0.00010
0.00015
0.00020
0.00020
0.00020
0.00025
0.00030
0.00035
0.00040
0.00040
0.00040
0.00045
0.00050
0.00055
0.00060
0.00070
0.00080
0.00085
0.00090
0.00095
0.0010
0.00105
0.0011
0.0011
0.0011
0.0011
0.0011
0.0011
0.0011
0.0011
0.0011
0.00105
0.0010
0.00095
0.00090
0.00085
0.00080
0.00075
0.00070
0.00070
0.00070
0.00065
0.00060
0.00055
0.00050
0.00045
0.00040
0.00035
0.00030
0.00025
0.00020
0.00020
0.00020
0.00015
0.00010
0.00005
0.00000
0.00000
0.00000
0.00000
0.00000
-0.00005
-0.00010
-0.00010
-0.00010
-0.00010
-0.00010
-0.00010
-0.00010
-0.00010
-0.00010
-0.00005
0.00000
0.00000
0.00000
0.00005
0.00010
0.00010
0.00010
0.00015
0.00020
0.00020
0.00020
0.00020
0.00020
0.00020
0.00020
0.00020
0.00020
0.00015
0.00010
0.00010
0.00010
0.00005
0.00000
0.00000
0.00000
-0.00005
-0.00010
-0.00010
-0.00010
-0.00010
-0.00010
-0.00015
-0.00020
-0.00020
-0.00020
-0.00020
-0.00020
-0.00015
-0.00010
-0.00010
-0.00010
-0.00010
-0.00010
-0.00005
0.00000
0.00005
0.00010
0.00015
0.00020
0.00030
0.00040
