0.
0.
0.
0.
0.
0.
0.
0.
0.
0.
0.
0.
0.
0.
0.
0.
0.
0.
0.
0.
0.
0.
0.
0.
0.
0.
0.
0.
0.
0.
0.
0.
0.
0.
0.
0.
0.
0.
0.
0.
0.
0.
0.
0.
0.
0.
0.
0.
0.
0.
0.
0.
0.
0.
0.
0.
0.
0.
0.
0.
0.
0.
0.
0.
0.
0.
0.
0.
0.
0.
0.
0.
0.
0.
0.
0.
0.
0.
0.
0.
0.
0.
0.
0.
0.
0.
0.
0.
0.
0.
0.
0.
0.
0.
0.
0.
0.
0.
0.
0.
0.
0.
0.
0.
0.
0.
0.
0.
0.
0.
0.
0.
0.
0.
0.
0.
0.
0.
0.
0.
0.
0.
0.
0.
0.
0.
0.
0.
0.
0.
0.
0.
0.
0.
0.
0.
0.
0.
0.
0.
0.
0.
0.
0.
0.
0.
0.
0.
0.
0.
0.
0.
0.
0.
0.
0.
0.
0.
0.
0.
0.
0.
0.
0.
0.
0.
0.0060
0.0141
0.0224
0.0297
0.0337
0.0322
0.0274
0.0215
0.0158
0.0116
0.0104
0.0106
0.0105
0.0082
0.0002
0.
0.
0.
0.
0.0026
0.1233
0.2843
0.4539
0.6053
0.7000
0.6971
0.6357
0.5493
0.4543
0.3613
0.2779
0.2019
0.1315
0.0692
0.0226
0.0218
0.0172
0.0111
0.0005
0.0003
0.
0.
0.
0.
0.
0.
0.
0.
0.
0.
0.
0.
0.
0.
0.
0.
0.
0.
0.
0.
0.0009
0.0021
0.0033
0.0043
0.0047
0.0042
0.0031
0.0018
0.0007
0.
0.0001
0.0007
0.0014
0.0017
0.0011
0.
0.
0.
0.
0.0111
0.0384
0.0743
0.1122
0.1473
0.1728
0.1813
0.1791
0.1714
0.1596
0.1422
0.1169
0.0874
0.0571
0.0291
0.0080
0.
0.
0.
0.
0.0011
0.0017
0.0015
0.0011
0.0005
0.0001
0.
0.
0.
0.
0.
0.
0.
0.
0.
0.0004
0.0006
0.0008
0.0010
0.0014
0.0017
0.0016
0.0015
0.0014
0.0013
0.0013
0.0842
0.1961
0.3173
0.4341
0.5299
0.5878
0.6207
0.6373
0.6359
0.6020
