0.006630
0.006294
0.005958
0.005692
0.005496
0.005300
0.005192
0.005084
0.004970
0.004850
0.004730
0.004646
0.004562
0.004504
0.004472
0.004440
0.004432
0.004424
0.004444
0.004492
0.004540
0.004620
0.004700
0.004748
0.004764
0.004780
0.004796
0.004812
0.004846
0.004898
0.004950
0.004986
0.005022
0.005092
0.005196
0.005300
0.005500
0.005700
0.005910
0.006130
0.006350
0.006594
0.006838
0.007070
0.007290
0.007510
0.007826
0.008142
0.008484
0.008852
0.009220
0.009408
0.009596
0.009676
0.009648
0.009620
0.009600
0.009580
0.009614
0.009702
0.009790
0.009894
0.009998
0.010062
0.010086
0.01011
0.010146
0.010182
0.01028
0.01044
0.01060
0.01072
0.01084
0.01100
0.01120
0.01140
0.01168
0.01196
0.01222
0.01246
0.01270
0.01286
0.01302
0.01320
0.01340
0.01360
0.01392
0.01424
0.01452
0.01476
0.01500
0.01548
0.01596
0.01642
0.01686
0.01730
0.01802
0.01874
0.01936
0.01988
0.02040
0.02136
0.02232
0.02336
0.02448
0.02560
0.02656
0.02752
0.02890
0.03070
0.03250
0.03438
0.03626
0.03768
0.03864
0.03960
0.03972
0.03984
0.04010
0.04050
0.04090
0.04118
0.04146
0.04162
0.04166
0.04170
0.04214
0.04258
0.04292
0.04316
0.04340
0.04392
0.04444
0.04480
0.04500
0.04520
0.04576
0.04632
0.04676
0.04708
0.04740
0.04800
0.04860
0.04934
0.05022
0.05110
0.05214
0.05318
0.05426
0.05538
0.05650
0.05762
0.05874
0.05936
0.05948
0.05960
0.06000
0.06040
0.06086
0.06138
0.06190
0.06274
0.06358
0.06404
0.06412
0.06420
0.06540
0.06660
0.06766
0.06858
0.06950
0.07102
0.07254
0.07408
0.07564
0.07720
0.07976
0.08232
0.08480
0.08720
0.08960
0.09332
0.09704
0.10112
0.10556
0.1100
0.1148
0.1196
0.12462
0.12986
0.1351
0.1417
0.1483
0.15472
0.16096
0.1672
0.17732
0.18744
0.19848
0.21044
0.2224
0.23224
0.24208
0.24914
0.25342
0.2577
0.25978
0.26186
0.2632
0.2638
0.2644
0.26524
0.26608
0.26676
0.26728
0.2678
0.26896
0.27012
0.27166
0.27358
0.2755
0.2777
0.2799
0.28148
0.28244
0.2834
0.2862
0.2890
0.29064
0.29112
0.2916
0.29476
0.29792
0.29984
0.30052
0.3012
0.3038
0.3064
0.30832
0.30956
0.3108
0.31528
0.31976
0.3226
0.3238
0.3250
0.3290
0.3330
0.3360
0.3380
0.3400
0.3472
0.3544
0.3606
0.3658
0.3710
0.3798
0.3886
0.3964
0.4032
0.4100
0.4156
0.4212
0.4250
0.4270
0.4290
0.4318
0.4346
0.4366
0.4378
0.4390
0.4426
0.4462
0.4480
0.4480
0.4480
0.4532
0.4584
0.4618
0.4634
0.4650
0.4702
0.4754
0.4796
0.4828
0.4860
0.4924
0.4988
0.5048
0.5104
0.5160
0.5248
0.5336
0.5422
0.5506
0.5590
0.5722
0.5854
0.5984
0.6112
0.6240
