1.6740
1.7210
1.7990
1.7190
1.6380
1.6510
1.6630
1.6810
1.6980
1.6500
1.6210
1.7400
1.8120
1.7550
1.7400
1.7810
1.7910
1.7150
1.7010
1.6630
1.7240
1.8230
1.7600
1.6570
1.6930
1.7480
1.6910
1.6730
1.6560
1.6500
1.4070
1.3510
1.7270
1.8050
1.6900
1.7670
1.8350
1.8450
1.7920
1.6730
1.7110
1.7960
1.8920
1.9570
1.9610
1.9630
1.8560
1.8740
2.0360
2.0540
2.1350
2.1110
2.0040
2.0070
2.0240
2.0300
2.0660
2.0600
2.0280
2.0280
2.0290
2.0390
2.1010
2.0860
1.9920
1.9870
1.9590
1.9660
2.0100
2.0010
1.9460
1.9570
2.0220
2.0250
2.0380
2.0290
1.9820
1.9960
2.0630
2.0640
2.0670
2.0650
2.0540
2.0470
2.0110
1.9500
1.6870
1.7230
1.8740
1.9490
1.9380
1.9000
1.9090
1.9410
1.9540
2.0030
2.0030
2.0030
1.9730
1.9330
1.8710
1.8320
1.8900
1.9280
1.9250
1.9240
1.9560
1.9770
1.9530
1.9410
1.9390
1.9390
1.9130
1.9000
1.8720
1.8580
1.7440
1.6880
1.7250
1.7430
1.8280
1.8620
1.8910
1.9080
1.9220
1.8730
1.8430
1.8340
1.8300
1.9210
1.9590
1.9520
1.9480
1.8720
1.8590
1.9510
1.9410
1.8610
1.8580
1.8510
1.8400
1.8190
1.8470
1.8750
1.8930
1.9110
1.8890
1.8670
1.8750
1.8830
1.8780
1.8740
1.8700
1.8690
1.8890
1.8960
1.8400
1.8260
1.8170
1.8150
1.8230
1.8240
1.8600
1.8680
1.8480
1.8440
1.8440
1.8440
1.8520
1.8530
1.8050
1.7990
1.8840
1.8940
1.8610
1.8570
1.8570
1.8570
1.8220
1.8230
1.8520
1.8530
1.8660
1.8660
1.8610
1.8590
1.8100
1.8080
1.7650
1.7650
1.7610
1.7660
1.7970
1.7970
1.7940
1.7980
1.8180
1.8100
1.7630
1.7610
1.7520
1.7470
1.7290
1.7370
1.7720
1.7680
1.7510
1.7490
1.7420
1.7340
1.7260
1.7350
1.7440
1.7260
1.7090
1.6930
1.6770
1.7050
1.7330
1.7320
1.7310
1.7170
1.7040
1.6840
1.6660
1.6690
1.6710
1.6890
1.7010
1.6740
1.6560
1.6550
1.6540
1.6540
1.6540
1.6580
1.6610
1.6620
1.6630
1.6430
1.6300
1.6220
1.6160
1.6240
1.6290
1.6190
1.6120
1.6110
1.6100
1.5820
1.5640
1.5850
1.6000
1.5990
1.5980
1.4620
1.3710
1.3770
1.4150
1.4600
1.5050
1.5480
1.5810
1.5840
1.5760
1.5660
1.5570
1.5500
1.5430
1.5370
1.5310
1.5250
1.5190
1.5120
1.5060
1.5000
1.4940
1.4880
1.4810
1.4760
1.4720
1.4690
1.4660
1.4630
1.4600
1.4570
1.4540
1.4500
1.4470
1.4440
1.4410
1.4380
1.4350
1.4320
1.4290
1.4260
1.4230
1.4200
1.4170
1.4140
1.4110
